-5.0000e+00 -1.2308e+00
-4.8990e+00 -2.6425e+00
-4.7980e+00 -4.3585e-01
-4.6970e+00 -2.3439e+00
-4.5960e+00 -2.0376e+00
-4.4949e+00 -2.7630e+00
-4.3939e+00 -2.2587e+00
-4.2929e+00 -2.1712e+00
-4.1919e+00 -1.8986e+00
-4.0909e+00 -2.4376e+00
-3.9899e+00 -1.6925e+00
-3.8889e+00 -3.1969e+00
-3.7879e+00 -2.7236e+00
-3.6869e+00 -3.3119e+00
-3.5859e+00 -5.8196e+00
-3.4848e+00 -3.0679e+00
-3.3838e+00 -4.3768e+00
-3.2828e+00 -5.2743e+00
-3.1818e+00 -2.6807e+00
-3.0808e+00 -4.5851e+00
-2.9798e+00 -4.4729e+00
-2.8788e+00 -3.3507e+00
-2.7778e+00 -2.4095e+00
-2.6768e+00 -1.2451e+00
-2.5758e+00 -1.4529e+00
-2.4747e+00 -2.3306e+00
-2.3737e+00 -1.7192e+00
-2.2727e+00 -8.3012e-01
-2.1717e+00 -1.9167e+00
-2.0707e+00 -6.6117e-01
-1.9697e+00 -8.7335e-01
-1.8687e+00 -1.5831e+00
-1.7677e+00 -2.5364e+00
-1.6667e+00 -5.7266e-01
-1.5657e+00 -1.1130e+00
-1.4646e+00 -1.4845e+00
-1.3636e+00 6.7509e-02
-1.2626e+00 -9.3148e-01
-1.1616e+00 -2.0762e-02
-1.0606e+00 -3.4486e-01
-9.5960e-01 -8.1709e-01
-8.5859e-01 1.1616e+00
-7.5758e-01 2.5480e+00
-6.5657e-01 2.7473e-01
-5.5556e-01 2.2272e+00
-4.5455e-01 2.4893e+00
-3.5354e-01 3.9857e-01
-2.5253e-01 2.4435e+00
-1.5152e-01 3.0320e+00
-5.0505e-02 3.9450e+00
5.0505e-02 4.3402e+00
1.5152e-01 3.9212e+00
2.5253e-01 4.1425e+00
3.5354e-01 2.4965e+00
4.5455e-01 1.2938e+00
5.5556e-01 7.1426e-01
6.5657e-01 3.4048e+00
7.5758e-01 1.4599e+00
8.5859e-01 1.3527e+00
9.5960e-01 3.9851e-01
1.0606e+00 1.0666e-01
1.1616e+00 1.2021e+00
1.2626e+00 4.7468e-01
1.3636e+00 6.9861e-01
1.4646e+00 -8.2577e-01
1.5657e+00 -2.9576e-01
1.6667e+00 1.7559e+00
1.7677e+00 -1.1832e+00
1.8687e+00 4.0234e-01
1.9697e+00 7.0006e-01
2.0707e+00 -4.0689e-01
2.1717e+00 -1.9539e-02
2.2727e+00 -8.6531e-01
2.3737e+00 7.3615e-01
2.4747e+00 3.1188e-01
2.5758e+00 -2.3903e+00
2.6768e+00 -2.6895e+00
2.7778e+00 -1.2713e-01
2.8788e+00 -3.2340e+00
2.9798e+00 -9.5177e-01
3.0808e+00 -3.1552e+00
3.1818e+00 -3.2717e+00
3.2828e+00 -2.1996e+00
3.3838e+00 -8.8100e-01
3.4848e+00 -2.1966e+00
3.5859e+00 -1.2490e+00
3.6869e+00 -2.0741e+00
3.7879e+00 -1.5358e-01
3.8889e+00 -2.6983e+00
3.9899e+00 -1.8969e-01
4.0909e+00 -1.3427e+00
4.1919e+00 -2.4515e+00
4.2929e+00 1.1740e-01
4.3939e+00 -2.3364e+00
4.4949e+00 -8.7313e-01
4.5960e+00 -1.5828e+00
4.6970e+00 -1.8335e+00
4.7980e+00 -1.2382e-01
4.8990e+00 -5.2251e-01
5.0000e+00 -1.1978e+00
